$ 3 0.000005 10.20027730826997 50 5 43 5e-11
a 176 456 304 456 8 5 -5 1000000 6.938815192258866e-20 0 100000
209 112 440 176 440 4 1.0000000000000001e-7 1.2913556651771831 0 0 1
r 176 392 304 392 0 1000
w 176 392 176 440 0
w 304 392 304 456 0
w 176 472 176 568 0
w 176 568 384 568 0
w 384 568 528 568 0
w 304 456 384 456 2
R 384 488 384 520 0 0 40 0 0 0 0.5
a 416 472 528 472 9 5 -5 1000000 0 -6.938815192258866e-15 100000
w 384 456 416 456 0
w 384 488 416 488 0
a 416 376 528 376 8 5 -5 1000000 -6.938815192258866e-15 0 100000
152 512 424 624 424 0 2 0 5
w 416 360 384 360 0
w 384 360 384 456 0
w 416 488 432 472 0
w 432 472 432 408 0
w 432 408 416 392 0
162 672 408 672 568 2 default-led 1 0 0 0.01
w 528 568 672 568 0
a 888 424 984 424 8 15 -15 1000000 0.5835580488101096 0.7 100000
r 808 408 808 568 0 10000
w 672 568 744 568 0
w 744 568 808 568 0
R 888 440 888 472 0 0 40 0.7 0 0 0.5
w 672 408 744 408 0
w 744 408 808 408 2
w 808 408 888 408 0
162 984 424 984 568 2 default-led 1 0 0 0.01
w 808 568 984 568 0
w 512 408 528 376 0
w 512 440 528 472 0
w 624 424 624 408 0
d 624 408 672 408 2 default
r 744 568 744 520 0 10
209 744 408 744 520 4 0.00001 0.5841437150212799 0.001 0 1
w 504 112 496 112 0
w 496 16 496 112 0
w 552 -184 496 -184 0
w 552 -184 600 -184 0
155 632 152 712 152 0 0
155 624 -16 672 -16 0 5
155 624 -184 696 -184 0 0
w 464 16 496 16 0
w 464 240 464 16 0
w 464 -48 496 -48 0
w 464 -128 464 -48 0
w 464 -16 496 -16 0
w 920 -32 936 -32 0
w 920 -56 920 -32 0
w 880 -56 920 -56 0
w 832 0 936 0 0
w 832 -16 832 0 0
w 936 112 936 32 0
w 832 112 936 112 0
w 800 -40 800 -56 0
w 904 -40 800 -40 0
w 904 80 904 -40 0
w 800 80 904 80 0
w 904 208 904 80 0
w 832 -56 880 -56 0
w 832 -152 832 -56 0
w 736 -56 736 -16 0
w 544 -56 736 -56 0
w 736 -136 736 -120 0
w 720 -136 736 -136 0
w 720 -184 720 -136 0
w 736 -240 736 -152 0
w 496 -240 736 -240 0
w 496 -176 496 -48 0
w 496 -184 496 -176 0
w 512 -16 512 -24 0
w 496 -16 512 -16 0
w 544 112 504 112 0
w 512 -56 512 -24 0
w 544 -56 512 -56 0
w 728 152 736 152 0
w 600 -184 624 -184 0
w 800 208 904 208 0
w 544 112 736 112 0
w 736 152 736 144 0
w 496 -184 496 -240 0
g 1008 288 1008 320 0 0
r 1008 288 1008 208 0 1000
R 1128 208 1128 136 0 0 40 5 0 0 0.5
s 1008 208 1128 208 0 0 false
w 904 208 1008 208 0
184 736 112 784 112 0 1
184 736 -16 784 -16 0 1
184 736 -152 784 -152 0 1
g 904 -136 904 -104 0 0
g -256 -328 -256 -288 0 0
r -256 -424 -256 -328 0 10000
w -256 -424 -128 -424 0
w 0 -336 0 -424 0
374 -256 -528 -256 -424 0 0.7129000000000001 Light\sBrightness
R -256 -528 -256 -624 0 0 40 5 0 0 0.5
r -96 -336 -96 -272 0 1000
r -96 -272 -96 -192 0 1000
r -96 -192 -96 -112 0 1000
r -96 -112 -96 -32 0 1000
r -96 208 -96 288 0 1000
r -96 128 -96 208 0 1000
r -96 48 -96 128 0 1000
r -96 -32 -96 48 0 1000
R -96 -336 -96 -400 0 0 40 5 0 0 0.5
a 0 -256 112 -256 8 15 -15 1000000 4.375 1.2913556651771831 100000
a 0 -176 112 -176 8 15 -15 1000000 3.75 1.2913556651771831 100000
a 0 -96 112 -96 8 15 -15 1000000 3.124999999999999 1.2913556651771831 100000
a 0 -16 112 -16 8 15 -15 1000000 2.4999999999999987 1.2913556651771831 100000
a 0 64 112 64 8 15 -15 1000000 1.8749999999999991 1.2913556651771831 100000
a 0 144 112 144 8 15 -15 1000000 1.2499999999999993 1.2913556651771831 100000
a 0 224 112 224 8 15 -15 1000000 0.6249999999999997 1.2913556651771831 100000
w -96 -272 0 -272 0
w 0 -192 -96 -192 0
w 0 -112 -96 -112 0
w -96 -32 0 -32 0
w -96 48 0 48 0
w -96 128 0 128 0
w 0 -336 0 -240 0
w 0 -336 0 -160 0
w 0 -336 0 -80 0
w 0 -336 0 0 0
w 0 -336 0 80 0
w 0 -336 0 160 0
w 0 208 -96 208 0
w 0 -336 0 240 0
g -96 288 -96 320 0 0
154 288 -16 432 -16 0 3 5 5
154 304 240 464 240 0 7 0 5
w 288 -96 288 -32 0
w 240 -16 288 -16 0
w 288 -96 288 -176 0
w 288 -176 112 -176 0
w 112 -16 240 -16 0
w 112 144 288 144 0
w 288 144 288 0 0
w 112 -256 256 -256 2
w 256 -256 256 192 0
w 256 192 304 192 0
w 304 208 240 208 0
w 240 208 240 -176 0
w 240 -176 112 -176 0
w 304 224 224 224 0
w 224 224 224 -96 0
w 224 -96 112 -96 0
w 304 240 208 240 0
w 208 240 208 -16 0
w 208 -16 112 -16 0
w 304 256 192 256 0
w 192 256 192 64 0
w 192 64 112 64 0
w 304 272 176 272 0
w 176 272 176 144 0
w 176 144 112 144 0
w 304 288 160 288 0
w 160 288 160 224 0
w 160 224 112 224 0
w 112 -16 112 -128 0
w 112 -128 432 -128 0
w 432 -128 464 -128 0
w 432 -16 464 -16 0
w 936 -136 936 -64 0
w 904 -136 936 -136 0
w 1384 64 1384 128 0
w 1064 128 1384 128 0
w 1064 64 1320 64 0
w 1352 64 1352 96 0
w 1064 96 1352 96 0
w 1064 32 1256 32 0
w 1064 0 1256 0 0
w 1064 -32 1256 -32 0
w 1064 -64 1256 -64 0
157 1256 -64 1360 -64 0 7 0 0
197 936 -64 1032 -64 0
w 904 328 608 328 0
w 608 296 608 328 0
w 0 -424 -128 -424 0
w -128 -424 -128 440 0
w -128 440 112 440 0
w 608 296 608 184 0
w 608 184 608 16 0
w 608 16 608 -152 0
w 608 -152 624 -152 0
g 984 568 984 632 0 0
w 904 328 984 328 0
w 984 328 984 392 0
w 496 112 496 152 0
w 496 152 632 152 0
w 512 -16 624 -16 0
w 608 184 632 184 0
w 624 16 608 16 0
w 720 -16 720 16 0
w 720 16 736 16 0
w 984 392 984 424 0
o 8 128 0 4098 0.15625 0.00009765625 0 2 8 3 Inverting-Differentiator
o 34 128 0 4098 10 51.2 1 2 34 3
o 177 128 0 4099 20 1.6 2 2 177 3 Clock\sSignal
38 23 F1 0 100 1000000 -1 Resistance\s-\sChanging\sstable\stime\speriod
