$ 3 0.01 382.76258214399064 99 5 50 5e-11
R -11184 424 -11184 360 0 0 40 5 0 0 0.5
374 -11184 424 -11184 512 0 0.9208000000000001 Light\sBrightness
r -11184 512 -11184 616 0 10000
g -11184 616 -11184 640 0 0
w -9672 544 -9824 544 0
w -9792 -64 -9792 480 0
w -10200 -64 -9792 -64 0
d -10112 560 -10160 560 2 default
w -10024 560 -10024 512 0
w -10112 560 -10024 560 0
d -10464 512 -10496 512 2 default
w -10496 512 -10536 512 2
w -10160 560 -10536 560 0
w -10008 312 -10008 352 0
r -10008 352 -10008 376 0 1000
w -10008 376 -10008 400 0
a -10024 424 -10024 488 10 5 -5 1000000 -7.38356480534939e-12 0 100000
w -10024 488 -10024 512 2
w -10032 424 -10032 400 0
w -10032 400 -10104 400 0
w -10016 424 -10008 424 0
w -10008 400 -10008 424 0
w -10008 424 -9984 424 0
w -10024 488 -9984 488 0
g -10104 400 -10104 424 0 0
r -9984 424 -9984 488 0 1000
w -10304 256 -10304 296 0
w -10832 256 -10304 256 0
w -10832 288 -10832 256 0
w -10152 16 -10008 16 0
w -10200 16 -10200 -64 0
w -10368 -64 -10200 -64 0
I -10424 -64 -10368 -64 0 0.5 5
w -10656 -64 -10424 -64 0
w -10656 -24 -10656 -64 0
w -10168 232 -10168 176 0
g -10200 176 -10200 192 0 0
178 -10168 176 -10168 16 6 1 0.2 -5e-324 0.05 1000000 0.02 20 0.015 0.005 0
a -10168 312 -10008 312 8 5 -5 1000000 7.383712476645496e-12 0 100000
w -10168 296 -10240 296 0
w -10008 312 -10008 232 2
w -10168 296 -10168 232 0
c -10168 232 -10008 232 4 0.0003 7.383786313770263e-7 0.001 0
r -10240 296 -10304 296 0 180000
w -10168 328 -10168 360 0
g -10168 360 -10168 376 0 0
w -10008 232 -10008 176 0
w -9856 -24 -9856 480 0
w -10656 -24 -9856 -24 0
w -10656 8 -10656 -24 0
w -10424 512 -10464 512 0
w -10776 8 -10656 8 2
w -11152 -88 -11008 -88 0
w -10464 224 -10464 168 0
178 -10624 168 -10624 8 6 1 0.2 -0.25 0.05 1000000 0.02 20 0.015 0.005 1
g -10656 168 -10656 184 0 0
w -11152 104 -11008 104 0
w -11152 104 -11152 24 2
r -11152 104 -11152 184 0 1000
r -11008 8 -11008 104 0 1500
g -11280 -8 -11312 -8 0 0
c -11200 -8 -11280 -8 4 0.00009999999999999999 0.9731507271330906 0.001 0
w -11152 -8 -11200 -8 2
w -11008 -88 -11008 8 2
r -11152 -8 -11152 -88 0 705005.3
a -11152 8 -11008 8 8 5 -5 1000000 0.9731507271330906 2.0000410736138594 100000
w -11008 8 -10824 8 2
g -11152 184 -11152 208 0 0
I -10824 8 -10800 8 0 0.5 5
I -10800 8 -10776 8 0 0.5 5
w -10608 8 -10464 8 0
r -10384 416 -10384 480 0 1000
w -10832 288 -10832 512 2
g -10504 392 -10504 416 0 0
w -10424 480 -10384 480 0
w -10408 416 -10384 416 0
w -10408 392 -10408 416 0
w -10416 416 -10408 416 0
w -10432 392 -10504 392 0
w -10432 416 -10432 392 0
w -10424 480 -10424 512 2
a -10424 416 -10424 480 10 5 -5 1000000 -0.00001798660414765878 0 100000
w -10408 368 -10408 392 0
r -10408 344 -10408 368 0 1000
w -10408 304 -10408 344 0
w -10624 224 -10624 168 0
g -10624 368 -10624 400 0 0
w -10624 320 -10624 368 0
w -10760 288 -10832 288 0
r -10696 288 -10760 288 0 180000
c -10624 224 -10464 224 4 0.0003 1.7987143749380787 0.001 0
w -10624 288 -10624 224 0
w -10464 304 -10464 224 0
w -10624 288 -10696 288 0
w -10464 304 -10408 304 2
a -10624 304 -10464 304 8 5 -5 1000000 0.00001798696387974199 0 100000
w -9392 280 -9280 280 0
w -9512 632 -9392 632 0
w -9352 312 -9280 312 0
w -9512 784 -9352 784 0
w -9304 344 -9280 344 0
w -9512 896 -9304 896 0
w -9608 896 -9816 896 0
w -9608 784 -9800 784 0
w -9608 632 -9824 632 0
w -9672 928 -9608 928 0
w -9672 816 -9672 928 0
w -9672 816 -9608 816 0
w -9672 664 -9672 816 0
w -9672 664 -9608 664 0
w -9672 544 -9672 664 0
155 -9608 784 -9576 784 0 0
155 -9608 896 -9592 896 0 0
155 -9608 632 -9560 632 0 5
w -9856 632 -9824 632 0
w -9816 896 -9856 896 0
w -9856 784 -9800 784 0
w -10536 560 -10536 512 2
x -9188 198 -8782 201 4 40 Average\sLight\sIntensity
x -9285 493 -9017 496 4 30 7-Segment\sDecoder
x -10625 952 -10607 955 4 15 0V
x -10652 894 -10601 897 4 15 \s0.625V
x -10641 845 -10602 848 4 15 1.25V
x -10647 796 -10600 799 4 15 1.875V
x -10635 741 -10605 744 4 15 2.5V
x -10647 691 -10600 694 4 15 3.125V
x -10644 642 -10605 645 4 15 3.75V
w -9904 912 -9904 792 0
w -9904 688 -9904 904 0
w -9904 880 -9904 600 0
w -9904 776 -9904 600 0
w -9904 768 -9904 624 0
w -9904 840 -9904 800 0
w -9904 600 -9904 616 0
w -9904 736 -9904 640 0
w -9904 688 -9904 648 0
152 -9904 632 -9856 632 1 4 0 5
152 -9904 784 -9856 784 1 4 5 5
152 -9904 896 -9856 896 1 4 0 5
w -10128 736 -9904 736 0
w -10256 744 -10464 744 0
w -10360 800 -10464 800 0
w -10360 848 -10464 848 0
w -10184 896 -10464 896 0
150 -10184 792 -10128 792 1 2 0 5
w -10360 800 -10184 800 0
153 -10256 776 -10216 776 1 4 5 5
w -10256 720 -10256 760 0
w -10256 728 -10256 768 0
w -10256 736 -10256 784 0
w -10256 744 -10256 792 0
w -10184 776 -10184 784 0
w -10184 776 -10216 776 0
w -10128 792 -9904 792 0
153 -10256 840 -10216 840 1 5 5 5
150 -10184 840 -10128 840 1 2 5 5
w -10256 760 -10256 824 0
w -10256 768 -10256 832 0
w -10256 784 -10256 840 0
w -10256 792 -10256 848 0
w -10256 800 -10256 856 0
w -10256 800 -10464 800 0
w -10360 848 -10184 848 0
w -10184 840 -10216 840 0
w -10184 832 -10184 840 0
w -10128 840 -9904 840 0
153 -10256 904 -10216 904 1 6 0 5
w -10256 824 -10256 880 0
w -10256 832 -10256 888 0
w -10256 840 -10256 896 0
w -10256 848 -10256 912 0
w -10256 856 -10256 920 0
w -10264 848 -10264 928 0
w -10256 928 -10264 928 0
w -10264 848 -10464 848 0
150 -10184 888 -10128 888 1 2 0 5
x -10313 988 -10029 991 4 40 Priority\sEncoder
w -10216 904 -10184 904 0
w -10184 880 -10184 904 0
w -10128 888 -9904 888 0
w -10232 616 -10184 616 0
w -10256 600 -9904 600 0
w -10256 720 -10256 672 0
w -10256 728 -10256 688 0
w -10256 696 -10256 736 0
w -10216 728 -10184 728 0
150 -10184 736 -10128 736 1 2 0 5
153 -10256 728 -10216 728 1 3 5 5
153 -10256 680 -10216 680 1 2 5 5
w -10464 696 -10256 696 0
x -10648 592 -10601 595 4 15 4.375V
w -10128 688 -9904 688 0
w -10184 696 -10360 696 0
w -10216 680 -10184 680 0
150 -10184 688 -10128 688 1 2 0 5
w -10256 600 -10256 688 0
w -10256 648 -10256 672 0
w -10360 648 -10256 648 0
w -10128 624 -9904 624 0
w -10256 600 -10256 616 0
w -10184 632 -10184 648 0
150 -10184 624 -10128 624 1 2 0 5
I -10256 616 -10232 616 0 0.5 5
w -10184 648 -10360 648 0
w -8936 376 -8936 440 0
w -8968 376 -8968 408 0
w -9152 440 -8936 440 0
w -9152 408 -8968 408 0
w -9152 376 -9000 376 0
w -9152 344 -9064 344 0
w -9152 312 -9064 312 0
w -9152 280 -9064 280 0
w -9152 248 -9064 248 0
157 -9064 248 -8840 248 0 7 0 0
197 -9280 248 -9224 248 0
w -10184 744 -10464 744 0
w -10360 696 -10464 696 0
w -10360 648 -10464 648 0
w -10536 656 -10536 608 0
w -10536 704 -10536 656 0
w -10536 752 -10536 704 0
w -10536 808 -10536 752 0
w -10536 856 -10536 808 0
w -10536 904 -10536 856 0
w -10592 888 -10592 904 0
w -10488 904 -10536 904 0
w -10488 856 -10536 856 0
w -10488 808 -10536 808 0
w -10488 752 -10536 752 0
w -10488 704 -10536 704 0
w -10488 656 -10536 656 0
w -10592 840 -10592 864 0
w -10592 792 -10592 816 0
w -10592 736 -10592 768 0
w -10592 688 -10592 712 0
w -10592 640 -10592 664 0
w -10592 592 -10592 616 0
w -10536 608 -10536 560 2
w -10488 608 -10536 608 0
w -10256 600 -10464 600 0
r -10592 616 -10592 640 0 1000
w -10592 888 -10488 888 0
w -10592 840 -10488 840 0
w -10592 792 -10488 792 0
w -10592 736 -10488 736 0
w -10592 688 -10488 688 0
w -10592 640 -10488 640 0
w -10592 592 -10488 592 0
a -10488 744 -10464 744 10 15 -15 1000000 2.499999999999999 1.7628037993202383 100000
a -10488 800 -10464 800 10 15 -15 1000000 1.8749999999999991 1.7628037993202383 100000
a -10488 848 -10464 848 10 15 -15 1000000 1.2499999999999993 1.7628037993202383 100000
a -10488 696 -10464 696 10 15 -15 1000000 3.1249999999999996 1.7628037993202383 100000
a -10488 896 -10464 896 10 15 -15 1000000 0.6249999999999997 1.7628037993202383 100000
a -10488 648 -10464 648 10 15 -15 1000000 3.75 1.7628037993202383 100000
a -10488 600 -10464 600 10 15 -15 1000000 4.375 1.7628037993202383 100000
R -10592 552 -10600 552 0 0 40 5 0 0 0.5
g -10592 928 -10592 944 0 0
w -10592 552 -10592 568 0
r -10592 864 -10592 888 0 1000
r -10592 904 -10592 928 0 1000
r -10592 816 -10592 840 0 1000
r -10592 768 -10592 792 0 1000
r -10592 712 -10592 736 0 1000
r -10592 664 -10592 688 0 1000
r -10592 568 -10592 592 0 1000
154 -9824 480 -9824 544 1 2 5 5
w -9832 480 -9856 480 0
w -9792 480 -9816 480 0
w -9392 632 -9392 280 0
w -9352 784 -9352 312 0
w -9304 896 -9304 344 0
s -10584 168 -10520 168 0 1 true
w -10624 168 -10584 168 0
w -10520 168 -10464 168 0
w -10464 168 -10464 8 0
w -10168 176 -10128 176 0
w -10064 176 -10008 176 0
s -10128 176 -10064 176 0 1 true
w -10008 176 -10008 16 0
x -10877 -116 -10121 -113 4 40 Average\scalculating\scircuit\s(approx.\q\s7min)
w -11184 512 -10832 512 0
o 51 128 0 4098 5 0.4 0 2 51 3 Square\sWave\sGenerator
o 80 128 0 4099 5 0.00009765625 1 2 80 3 01\sIntegrator
o 8 128 0 4099 5 0.00009765625 2 2 8 3 02\sIntegrator
38 64 F1 0 10 1500000 -1 Square\sWave\sGenerator\s(R)
38 89 F1 0 10 1000000 -1 01\sInverting-Integrator\s(R)
38 43 F1 0 10 1000000 -1 02\sInverting-Integrator\s(R)
